,City,Lat,Lng,Max Temp,Humidity,Cloudiness,Wind Speed,Country,Date
0,albania,41.0,20.0,17.66,49,100,1.15,AL,1644671908
1,chokurdakh,70.6333,147.9167,-19.11,96,100,6.05,RU,1644671908
2,banda aceh,5.5577,95.3222,26.3,84,39,6.64,ID,1644671909
3,olafsvik,64.8945,-23.7142,-2.1,69,46,12.06,IS,1644671909
4,shubarkuduk,49.1447,56.4872,0.16,93,100,9.65,KZ,1644671909
5,provideniya,64.3833,-173.3,-24.39,82,1,3.26,RU,1644671910
6,butaritari,3.0707,172.7902,27.58,79,61,6.39,KI,1644671910
7,codrington,-38.2667,141.9667,19.14,66,0,6.29,AU,1644671910
8,rikitea,-23.1203,-134.9692,25.8,72,74,6.32,PF,1644671911
9,katsuura,35.1333,140.3,6.17,56,100,1.31,JP,1644671911
10,mount pleasant,32.7941,-79.8626,10.03,86,0,0.89,US,1644671711
11,strezhevoy,60.7333,77.5889,-20.57,93,29,5.07,RU,1644671922
12,noumea,-22.2763,166.4572,27.22,99,100,0.99,NC,1644671923
13,chuy,-33.6971,-53.4616,24.8,72,99,0.88,UY,1644671923
14,saldanha,-33.0117,17.9442,20.04,85,100,7.57,ZA,1644671923
15,kavaratti,10.5669,72.642,27.24,69,4,3.22,IN,1644671924
16,palana,59.1167,159.9667,-23.98,97,44,1.91,RU,1644671924
17,nanortalik,60.1432,-45.2371,-1.13,89,100,6.43,GL,1644671924
18,kodiak,57.79,-152.4072,2.73,70,0,5.14,US,1644671925
19,olga,43.7444,135.2892,-8.74,58,0,8.59,RU,1644671925
20,georgetown,5.4112,100.3354,29.97,74,20,2.57,MY,1644671707
21,broome,42.2506,-75.833,5.98,73,0,4.63,US,1644671936
22,andenes,69.3143,16.1194,-6.01,86,40,3.09,NO,1644671936
23,hasaki,35.7333,140.8333,0.22,56,5,2.66,JP,1644671709
24,pontes e lacerda,-15.2261,-59.3353,24.95,90,100,1.69,BR,1644671937
25,rio grande city,26.3798,-98.8203,15.97,96,13,1.81,US,1644671937
26,dikson,73.5069,80.5464,-16.93,76,100,12.3,RU,1644671938
27,port elizabeth,-33.918,25.5701,27.16,74,0,9.77,ZA,1644671938
28,victoria,22.2855,114.1577,19.62,87,50,2.24,HK,1644671710
29,upernavik,72.7868,-56.1549,-19.89,99,100,4.97,GL,1644671949
30,palmer,42.1584,-72.3287,9.8,54,100,4.63,US,1644671949
31,hamina,60.5697,27.1979,-0.01,84,100,6.84,FI,1644671950
32,khatanga,71.9667,102.5,-22.39,82,97,4.32,RU,1644671950
33,san jose,37.3394,-121.895,17.55,61,0,1.54,US,1644671744
34,gulu,2.7746,32.299,35.05,17,18,1.81,UG,1644671951
35,richards bay,-28.783,32.0377,30.71,54,0,5.92,ZA,1644671951
36,rize,40.9044,40.8949,3.19,60,16,0.77,TR,1644671952
37,jamestown,42.097,-79.2353,0.16,55,100,8.23,US,1644671952
38,zhezkazgan,47.8043,67.7144,-4.01,86,100,8.0,KZ,1644671963
39,rincon,32.296,-81.2354,11.03,93,75,0.0,US,1644671963
40,cabo san lucas,22.8909,-109.9124,18.06,53,1,3.44,MX,1644671963
41,buala,-8.145,159.5921,25.01,87,100,1.78,SB,1644671964
42,kaspiysk,42.8816,47.6392,7.1,75,0,7.15,RU,1644671964
43,pemangkat,1.1667,108.9667,25.09,86,100,2.33,ID,1644671965
44,nantucket,41.2835,-70.0995,10.07,76,0,6.69,US,1644671965
45,jurm,36.8648,70.8342,0.95,87,100,0.61,AF,1644671976
46,vardo,70.3705,31.1107,-6.89,71,43,6.36,NO,1644671976
47,vanavara,60.34,102.2797,-26.21,100,63,0.73,RU,1644671977
48,ha giang,22.8333,104.9833,17.6,99,100,0.96,VN,1644671977
49,umm lajj,25.0213,37.2685,25.81,21,0,8.19,SA,1644671978
50,tual,-5.6667,132.75,28.52,69,7,1.05,ID,1644671978
51,san quintin,30.4833,-115.95,15.44,56,5,1.93,MX,1644671978
52,dryden,49.7833,-92.7503,-30.84,69,75,3.09,CA,1644671979
53,isangel,-19.55,169.2667,26.25,90,31,2.3,VU,1644671990
54,bakel,14.905,-12.4568,30.25,8,94,6.82,SN,1644671990
55,cairns,-16.9167,145.7667,24.97,85,82,1.54,AU,1644671991
56,vao,-22.6667,167.4833,26.84,82,100,1.24,NC,1644671991
57,bredy,52.4153,60.3411,-4.68,97,100,3.54,RU,1644671991
58,pernik,42.6,23.0333,8.83,64,100,4.56,BG,1644671869
59,praia da vitoria,38.7333,-27.0667,18.2,77,20,4.12,PT,1644671992
60,nhulunbuy,-12.2333,136.7667,26.34,89,1,2.06,AU,1644671992
61,pogar,52.554,33.2591,-1.42,87,7,5.43,RU,1644671993
62,jacksonville,30.3322,-81.6556,13.88,91,75,1.54,US,1644672003
63,vila franca do campo,37.7167,-25.4333,18.44,68,100,4.59,PT,1644672004
64,casas grandes,30.3667,-107.95,6.56,31,0,1.26,MX,1644672004
65,sadao,6.6388,100.4234,26.9,83,100,2.47,TH,1644672005
66,laibin,23.7,109.2667,9.56,84,100,3.67,CN,1644672005
67,kloulklubed,7.0419,134.2556,27.89,78,100,10.01,PW,1644672005
68,marquette,46.5333,-87.6335,-14.81,73,93,4.06,US,1644672006
69,glendive,47.1053,-104.7125,-6.21,76,100,2.06,US,1644672006
70,bela,25.9333,81.9833,15.56,42,0,2.5,IN,1644672007
71,novorudnyy,51.5026,58.1873,-1.73,97,100,7.7,RU,1644672017
72,acala,16.5667,-92.8,15.12,79,0,0.72,MX,1644672018
73,coxim,-18.5067,-54.76,27.73,74,34,1.22,BR,1644672018
74,salalah,17.0151,54.0924,26.05,57,40,4.12,OM,1644672019
75,flinders,-34.5833,150.8552,18.45,91,96,1.79,AU,1644672019
76,manokwari,-0.8667,134.0833,25.85,80,88,2.56,ID,1644672020
77,bilibino,68.0546,166.4372,-38.45,100,87,0.66,RU,1644672020
78,chabahar,25.2919,60.643,22.36,61,0,5.73,IR,1644672020
79,huarmey,-10.0681,-78.1522,22.03,81,78,2.32,PE,1644672021
80,belmonte,-15.8631,-38.8828,27.28,66,97,1.89,BR,1644672022
81,manzanillo,20.3433,-77.1167,24.15,80,2,1.71,CU,1644672032
82,port moresby,-9.4431,147.1797,24.68,83,75,4.12,PG,1644672033
83,baruun-urt,46.6806,113.2792,-23.76,97,79,1.75,MN,1644672033
84,jacareacanga,-6.2222,-57.7528,26.19,85,100,0.62,BR,1644672034
85,sao joao da barra,-21.6403,-41.0511,25.05,81,100,2.33,BR,1644672034
86,haines junction,60.7522,-137.5108,-1.03,74,100,1.03,CA,1644671817
87,shingu,33.7333,135.9833,5.51,66,0,2.53,JP,1644672035
88,berlevag,70.8578,29.0864,-3.65,77,100,6.67,NO,1644672035
